% time     seconds  usecs/call     calls    errors syscall
------ ----------- ----------- --------- --------- ----------------
 37.79    0.074019         406       182           clock_nanosleep
 36.85    0.072169         267       270           mq_timedreceive
 17.58    0.034438         119       287         4 futex
  2.54    0.004970          18       270           mq_timedsend
  2.20    0.004316          12       333           lseek
  1.26    0.002459          19       127           write
  1.04    0.002037          13       153        60 read
  0.13    0.000258          15        17           rt_sigprocmask
  0.13    0.000249          19        13           mmap
  0.12    0.000234          58         4           clone3
  0.08    0.000156          52         3           munmap
  0.05    0.000095          11         8           madvise
  0.03    0.000062          12         5           rseq
  0.03    0.000057          14         4           mprotect
  0.03    0.000054          13         4           openat
  0.03    0.000052           8         6           close
  0.02    0.000048           9         5           set_robust_list
  0.02    0.000039          19         2           mq_open
  0.01    0.000027           6         4           fstat
  0.01    0.000027           9         3           brk
  0.01    0.000027           6         4         2 mq_unlink
  0.01    0.000022           7         3           rt_sigaction
  0.01    0.000010           5         2           pread64
  0.01    0.000010          10         1         1 access
  0.00    0.000008           8         1           set_tid_address
  0.00    0.000007           7         1           arch_prctl
  0.00    0.000007           7         1           getrandom
  0.00    0.000005           5         1           prlimit64
  0.00    0.000002           2         1           ioctl
  0.00    0.000000           0         1           execve
------ ----------- ----------- --------- --------- ----------------
100.00    0.195864         114      1716        67 total
