# Histogram
000000 000000	000000
000001 000000	000000
000002 000000	000000
000003 000000	000000
000004 000000	000000
000005 000000	000000
000006 000000	000000
000007 000000	000000
000008 000000	000000
000009 000000	000000
000010 000000	000000
000011 000000	000000
000012 000000	000000
000013 000000	000000
000014 000000	000000
000015 000000	000000
000016 000000	000000
000017 000000	000000
000018 000000	000000
000019 000000	000000
000020 000000	000000
000021 000000	000000
000022 000000	000001
000023 000000	000001
000024 000000	000002
000025 000000	000003
000026 000001	000002
000027 000000	000001
000028 000000	000005
000029 000000	000005
000030 000001	000000
000031 000001	000007
000032 000000	000010
000033 000002	000005
000034 000001	000003
000035 000000	000009
000036 000000	000007
000037 000002	000004
000038 000001	000004
000039 000002	000007
000040 000002	000003
000041 000004	000011
000042 000000	000010
000043 000001	000010
000044 000000	000008
000045 000000	000006
000046 000001	000014
000047 000000	000012
000048 000001	000007
000049 000001	000009
000050 000000	000015
000051 000003	000006
000052 000001	000011
000053 000001	000009
000054 000001	000008
000055 000003	000009
000056 000002	000008
000057 000001	000012
000058 000000	000012
000059 000002	000015
000060 000000	000011
000061 000004	000012
000062 000002	000008
000063 000000	000010
000064 000001	000011
000065 000001	000009
000066 000001	000017
000067 000003	000013
000068 000003	000016
000069 000008	000010
000070 000003	000015
000071 000003	000016
000072 000003	000015
000073 000005	000014
000074 000001	000014
000075 000003	000014
000076 000004	000012
000077 000001	000009
000078 000002	000013
000079 000003	000015
000080 000004	000015
000081 000003	000013
000082 000004	000017
000083 000005	000016
000084 000005	000011
000085 000005	000022
000086 000003	000015
000087 000006	000011
000088 000010	000013
000089 000006	000018
000090 000004	000018
000091 000008	000022
000092 000003	000016
000093 000011	000017
000094 000007	000019
000095 000006	000013
000096 000005	000018
000097 000006	000014
000098 000009	000018
000099 000011	000014
000100 000005	000014
000101 000007	000010
000102 000009	000016
000103 000012	000012
000104 000005	000023
000105 000014	000009
000106 000010	000022
000107 000013	000017
000108 000011	000012
000109 000014	000020
000110 000010	000013
000111 000014	000020
000112 000017	000011
000113 000007	000013
000114 000012	000014
000115 000009	000012
000116 000012	000012
000117 000011	000014
000118 000014	000010
000119 000012	000014
000120 000010	000011
000121 000011	000008
000122 000008	000010
000123 000017	000005
000124 000015	000011
000125 000012	000011
000126 000006	000018
000127 000008	000006
000128 000011	000011
000129 000010	000019
000130 000010	000011
000131 000016	000011
000132 000009	000011
000133 000011	000014
000134 000008	000015
000135 000011	000010
000136 000006	000014
000137 000007	000011
000138 000011	000010
000139 000007	000015
000140 000011	000012
000141 000009	000003
000142 000013	000018
000143 000014	000010
000144 000006	000010
000145 000012	000008
000146 000008	000006
000147 000008	000011
000148 000012	000008
000149 000014	000010
000150 000010	000004
000151 000009	000006
000152 000007	000010
000153 000009	000005
000154 000005	000003
000155 000013	000006
000156 000008	000006
000157 000009	000004
000158 000012	000003
000159 000012	000010
000160 000009	000001
000161 000011	000005
000162 000006	000007
000163 000011	000006
000164 000010	000007
000165 000008	000008
000166 000011	000004
000167 000010	000006
000168 000010	000005
000169 000014	000003
000170 000011	000006
000171 000008	000004
000172 000008	000004
000173 000011	000005
000174 000009	000004
000175 000010	000007
000176 000008	000004
000177 000011	000006
000178 000010	000007
000179 000013	000005
000180 000010	000002
000181 000012	000002
000182 000010	000003
000183 000008	000001
000184 000004	000004
000185 000011	000004
000186 000007	000003
000187 000013	000008
000188 000005	000007
000189 000005	000004
000190 000008	000007
000191 000007	000005
000192 000012	000004
000193 000013	000003
000194 000004	000001
000195 000008	000008
000196 000009	000003
000197 000009	000006
000198 000010	000003
000199 000009	000005
# Total: 000001203 000001705
# Min Latencies: 00026 00022
# Avg Latencies: 00497 00510
# Max Latencies: 06350 05278
# Histogram Overflows: 08797 08185
# Histogram Overflow at cycle number:
# Thread 0: 00000 00001 00002 00003 00004 00005 00006 00008 00009 00010 00011 00012 00013 00014 00015 00016 00018 00020 00022 00024 00025 00026 00027 00028 00029 00030 00031 00032 00033 00035 00036 00037 00038 00039 00040 00041 00042 00043 00044 00045 00046 00047 00049 00050 00052 00053 00054 00055 00056 00057 00058 00059 00060 00061 00062 00063 00064 00065 00066 00067 00068 00069 00070 00072 00074 00075 00076 00077 00078 00079 00080 00081 00082 00083 00084 00085 00086 00088 00089 00090 00091 00092 00093 00094 00096 00097 00098 00099 00100 00102 00103 00104 00105 00107 00108 00109 00110 00111 00115 00116 00117 00118 00119 00121 00122 00123 00125 00126 00127 00128 00129 00130 00131 00132 00133 00134 00135 00136 00137 00138 00139 00140 00141 00142 00143 00144 00145 00149 00150 00151 00152 00153 00154 00155 00156 00157 00158 00159 00160 00161 00162 00163 00164 00165 00166 00167 00168 00169 00172 00173 00174 00175 00176 00177 00178 00180 00181 00182 00183 00184 00185 00186 00187 00188 00189 00190 00191 00192 00193 00194 00195 00196 00197 00198 00199 00200 00202 00204 00206 00207 00208 00209 00210 00211 00212 00213 00215 00216 00217 00218 00219 00220 00221 00222 00226 00227 00228 00229 00230 00231 # 08597 others
# Thread 1: 00000 00001 00002 00004 00005 00006 00007 00008 00009 00011 00012 00013 00014 00015 00016 00017 00018 00020 00021 00023 00024 00025 00026 00027 00028 00029 00030 00031 00033 00034 00035 00036 00037 00038 00040 00041 00042 00043 00044 00046 00047 00048 00049 00051 00052 00053 00054 00055 00056 00057 00058 00059 00060 00061 00062 00063 00064 00065 00066 00067 00068 00069 00070 00071 00072 00073 00074 00075 00076 00077 00078 00079 00080 00081 00082 00083 00084 00085 00086 00087 00089 00090 00091 00092 00093 00094 00095 00096 00097 00098 00100 00101 00102 00103 00105 00107 00108 00109 00113 00114 00115 00116 00118 00119 00121 00122 00123 00125 00126 00127 00128 00129 00130 00132 00133 00134 00136 00137 00138 00140 00141 00142 00143 00145 00146 00147 00148 00149 00150 00151 00152 00153 00154 00155 00156 00157 00158 00159 00160 00161 00162 00163 00168 00169 00170 00171 00172 00173 00174 00176 00177 00178 00179 00180 00181 00182 00183 00185 00186 00187 00188 00189 00191 00192 00193 00194 00195 00196 00197 00200 00201 00204 00206 00207 00208 00209 00211 00212 00213 00214 00215 00216 00217 00218 00219 00220 00222 00223 00224 00225 00226 00227 00228 00229 00232 00233 00234 00236 00237 00239 # 07985 others

