% time     seconds  usecs/call     calls    errors syscall
------ ----------- ----------- --------- --------- ----------------
 36,36    0,000288          20        14           mmap
 19,07    0,000151          30         5           mprotect
  6,57    0,000052          17         3           brk
  5,81    0,000046           0       111           write
  5,18    0,000041          13         3           munmap
  4,55    0,000036           7         5           newfstatat
  3,66    0,000029          29         1           rseq
  3,41    0,000027          27         1           getrandom
  3,28    0,000026          26         1           prlimit64
  3,16    0,000025          12         2         1 arch_prctl
  3,16    0,000025          25         1           set_tid_address
  3,16    0,000025          25         1           set_robust_list
  2,65    0,000021           5         4           close
  0,00    0,000000           0         2           read
  0,00    0,000000           0         4           pread64
  0,00    0,000000           0         1         1 access
  0,00    0,000000           0         1           execve
  0,00    0,000000           0         4           openat
------ ----------- ----------- --------- --------- ----------------
100,00    0,000792           4       164         2 total
